.1·“’

= 1111. ἶΙ 11111111111111111111111 ’

111111111111 111111111,ι 111 111 11111111111111, 111111
’ 11111111111111 1111111111 11 11111111111111 11111,
, ’ 111111. 111 ,11111 1111111 111111111111111 11111,
’ ’ ' 11 1111111111 11111111 11111111 111111, 11111111111111
1111· 111.“ 111 111711 ,11111 111111 1111 11 11111·
- 1111 111111.“ 811111111111111111111111111111111111
, 11111, 1111111111, ubi 11111111111 „Protom- 1111
11111,“ 1111111111 111111 ,1111111111 11111 111111111.“
'sod 11 1111111111 111111111. 111111 11111 11111111 111·
, · 111111111111,11111111111111111111111111111111111
· uf, 111111111 11111. ¹
11111 111111 dixi, 1111 111111 11111111111111111 1
¹ Ι1111 111 11 1111111111111111, 111111111111111111 1111·
1' , 111, 1111 1111 11111111111111111, quorun 1111111111
11111111 11111111 11111111, 1111111111 11 11111 111.
0 Igitur 111111 Ι111111 111 ’11111111 11 111111 11
{x glorificari· Ι
’ 8111111 1111111111 11 1111111111 111111 1111111111
1111111111, 1111 11111111111, 111111 111110111111
1111111111, 11 1111111111 11 1111111111 11111111, 11
“ 11111111 1111111111111111111. 15. 111) 1111111111 11
. 11111111111111 1111111 1111 , ,11111 1111111111 11111
1111111111. 1111111 11111111 11 11111111111111111111,
’ 111111 1111111 exaltatorem 11111111111111111111111
111111 111111 111111111. 111111111111111111 111 ex· ἶ
ἶ ’ nlntio, 111111111111111 1111111111, 11111111111111
1111. 11111111111111111 11 11111111111111111111·
’ 1111, 1111 1111111 11111111111111111111 1111111111111
Ι11 11111111111111111. 1111111111 11 1111111 1111 111
.' 111, 1111111111 1111 0111111. 11111111 11111111, 11
. “ 1111 1111111111,1111 11111111, 111111 111111111111
’ “ 1111 11111111111111111111 11111111111. 1111111111111111
, 1111111.111111111111,1111 111111111111, 11111 11111

 

