¹ Ῐ 454 5555515515] 1551555155· ,

· 5115555551,5155555.1555..115551515 555 515155 55 555.

= ,ιἰο15515155155,15555515555.555151551115555 299-¹
11555515111151555151115ῃ 5155515555, 11511 55

5555 9999999 ,51 99999 15 55515 1555551 155, mimium

1 ' 9999999999999 111 511 1515 9999999999, nu '999⁰ 55555,
,. 115155, 555 ,111511 515 55, ,11555 5151155555. ; ,- }

, ’ 51515 999999 9999 ,15151155 ,1151555511 551ι155155
'⁰ 1151511151511155515515 ,1115155 5511155555 torqueat
11511551 9999 1²· 15 ,15515115 1515511555555555
«5555555555 551). 55155515· 555. 5555555 551511

11551565 5615151155, 55511515 15 5555551515 1151 5
¹ Ι155 5555515515 5155 55515555 5555.“ 1155. 1155, 11515

515151 5111155, 15 5151511155, 5515551511555511511
5555 5511515555“ 11111555151155555515,551
61511 ..5111111 1158151 1155515555· ,1515151115 555555555- ;55515
51515,111511(5511551511155111551115151155,11;55,1515ι
‘ 51111115· ·. 1511155515 11151, 11555155111115, ,515551 volu
’ . ,555555 5555555115 5555 55511555511151554155 mmet»
‘ 155555.155515111551515555,’.115511151555151551515555
1151511555 5155 noma 5555. ,5155 5555 5555555555 pri-0
5515 55 15, 99 5511515555 5115, 55 5555555155. 451151
1515551515, 555 111155, 151551555- 11555555, t 555 55155
11511151 1511555, imo 555 1555, 511555, ,155 n?
. ¹ 111151511555555551, 1515151515,1151,155555’551555 15
” 1111551, 111 9999999999, 999 511 15555515 55155551 ne?
1511151111, 11555511 5155515, 555155515ιῦ555 155 5515
151, ,151515 555 1155151155 555 5555551515 Dm,
“ 551,’ 5155515 ,55 151515.. 1515 ,1115515115 1515553515, 11155

51551515, 555 mma
8555515, 55555555511515,55155555Μ511555155,

5111 15551111555555 511 1555151515 555 ,5555155 ιιι,
. 1111 11155555, pti-99, 55 555555 115555, 9999 115555 η
· 1515555515 555551 555555 1555515115 cumuni- 5,,
55, ,ᾖ1555515 55555555.. 55. ,51555 om 5555 55 55

 

