11111 111111111111111111111 ’

, 1111111111, 11111111111111111,11111111 11 11111111

ζ ,1111111111111111111111111111111111111111111

⁴ ,111111111111111111111111111111111111111111,1111 3

, 1111111111 11 1111111111, 11 11111111 11 1111111111, 11· 111 1

· ,11111- 11111111 1111 1111111 11111111111111, 1111111 3

' 11111111111. 1111111111 111111111111111111111111111
1 11111111, 1111110111111111111111111,1111111111111
1111111111111, 11 1111111 11111111 1111111111 11111 “
s 1111111111 mmmm 111 111111 zion 11111 111111.
Eut 1111 11111111111,11111,11111111,11 111·
· 11111111 1111111 filiun 1111, 111111111111111 1111111

· ' 1111111111 tenplum, 11 1111111111 111111 christu

“· 11111111 1111111111,11 1111111111 11 mlum 1111 ’
por 11111 11111111101111111 11111Ι 11111 111111

¹ 1111111111,1111 011111111111111111111 11111111,
1111111 111 1111, 11 111, 111111 (1111111111 11 1110111111 1

, ’“11,,11ηι 1111111111,11111 11111 1111 111111 11111

11111 111111111111111 11111111 111111 ,11111111 ,

s 11111111 1111111111.“ 1111111111ἱοὶ 1111111111 0140. 3

’1111111 11111111 111 1111111111 1111111 1111111, 1111

, 11111111 11111111111111 1111111111 1111111111 1111111

„Nanctus 1111111 111 1111111 1111 1111111111 111111
1111111111111111111111111,1111111111 11111 11111111 ἶ
1111 11111 1111111111 111111 monton 11111111 11111
1,,1111111,“1111111’111111111111111111111111111111 111,
’ 11111111111111111111,11111111111111111111,.111111 ’

Ἀ ¹ 11111111111111111111111111111111811111111111111111111,1

1111111111,11111,1111111111111111111111111111 ¹
² dion.- 1111111111 11111111,111111111 1111111 apu- 1
1111111 11111 111111111111111 111111 11111111 111. Quod *
11111111111111111 11 111111Ιί111 11111 1111111111 11111111,
Ι 111 11111111 11 1111111 1118111111111111111 1111111111
11 11111111 1111111. ’

 

