116 ’ 66661616161666116661.”’

  16616616166666116116, 661611166611166161611

66 61661616 6666666616 666 6661 66166 uo& 661616
, 6666666161 66166661666161161161116 6111116616,
χ1166 161616661161116 6616666 1116611166, tot· 66661161

, ’166116 6666, 666 1611161111 116166 6666666, 66616616 66·

χ 166 6616, 66 16 66 1666 666116 616666 11166 P·- 69
,6616166166 6666 6616616 16.“.- 1161 666 in ullu
661 61616666 666666161611 66 1161166 66666 161666

“ 16 16116161 1666, 6666666166 φρεναπάται 66 66666·

· 6166166666111, 16 6666 66 6666161666661116666116.
. , .' 161666161666666616661, 16666616161666661666, 66·
6666116166 66 6161 11166 1611661 66161, , 6666 16616
1161 6611666666 66 16111 666661 166616 6661111 1161
’,6166666166111166661 6166116661. ,
, 16666 orgo 6166161 ,’,66’6’ 166616661166“ 666 66
’ 16661166661 61661, 66666661616666161 1161661111 666 6

’ 6666666. 1666616611 1111616 1666661666 661111, 6 ¹
- hum ,66666 6666, 66116 161166611666 6111, 66·
¹ 66166, 66666 616616 11 1666666161 1111,“· 66 116. 416

,111616 66116 1666166661 1611 6616161 16611, 6661 Q
1161161· ’6666666 M. 616661 1666 ,11616 6111 gum
¹ 16.16666166161,“ 66161611 6111616616. “
ι 111616 6616 616661161166616666166616661 616 166
1166661661 (1161161, 6666 6661666 616 661 distribui ιι
6166611 1661 666666611116661661, 6611666616 6666
, 666666 16 666666. 1661666, 66 666161 6666 66666666
66 dispono-tom 11161 1666616666 1161, 166 66 161666
1666616666111116 6666661666. 1116116, 66 66, 16161 ιι ¹
11666111 66166666 6666666616 66 61ιί6666666 6166661. ’
666 66 166 1661666 166661 1666661 666616666,
,6166 66661111161 66661616 16616 1666616116, 6611 ἐ
· ¹ 16616116, 6666116616 16616666666661166, 6616616 16

1

 

