. ‘J'

..2

’111 · 10011110101 int-bulm-

, *gamm 01 10 100010 01111011 1100101000 100

’ ἡ 0100011101, 0101010011οι 0100011001οο 0010111000
11010010, 0011 00110000000111111,1100110. ,110111
1011110111, 0001100100 01 0010111.

Ἰ110000 110 00000011 01 0011100100 101100110 11001
1001000 0000 00001011, 1100100100 000100 00000.
ἱ 101101100ηο 00000000000000, 0011110110 00 00010

’0000010 intelligi 00100011, 0101 0001000 01001110
’1100 ’0100 110101 11001 11000100 101111ιο0 0011101101· 01

Ι . 101010, 010001000οΙ 10 100-«11011. 00101001111010010100, ¹
¹ qm 0000010 100010 10010 01 10010011000-0110011, 01

, ’10000 001100 010110100οἰ1 (1000 011, 1011100 0001110-

' ⁸ 0111, 00010 ’11 10 0000110100οι 01 010011111100 1000011

’ 101000 ’00010000 11011, 0000 0001100100 01110011101100
10111000 1001010. 801 0110001 000100 10 1011100100
χ’000000111011 1100010 ,1110010010010 00100101 ιο0“ ’
Quid 00100 100 011010001, quoni 0001 0100010011οι 01

” 00011000001001110001, 0000001 10 000 0010101 80100

0010010010 0001 00100 0100101110 000 *et 0000111110.
11100 110000 0000011οι 010001100100 0001 0010110 001
’1100 00011100 01001110010101110110 1010110010,Ι 00111001

¹ 1011001001, 0000000 1010101000. . .,

J, · 1100 ,00001010 000100 00011001, ’00110 0100 1
· ’1011111000 00 000 putribus 0011 11011, 0011 100100 001 ’
0000001 0100010010 001110110οᾳ 1100110000 00011
0110110110οὴ110101000, 1100110011 0000 0000011011
000000 0010110010ιο 01001001001100, 0000010010 10000
101110 101111001101, “

801 0011 001, 00100 000 01000100110100111000 100
0000111011 110010 100100000110010010101000 por 10 ’
«101010 0110 0111100 11011 1100111111 0110100 0110
1100, 0101111000 01 0000001011000,1111111010 011

 

